     0:     78     45     23     91     13     34     99     57     80     64 
     1:     45     78     23     91     13     34     99     57     80     64 
     2:     23     45     78     91     13     34     99     57     80     64 
     3:     23     45     78     91     13     34     99     57     80     64 
     4:     13     23     45     78     91     34     99     57     80     64 
     5:     13     23     34     45     78     91     99     57     80     64 
     6:     13     23     34     45     78     91     99     57     80     64 
     7:     13     23     34     45     57     78     91     99     80     64 
     8:     13     23     34     45     57     78     80     91     99     64 
     9:     13     23     34     45     57     64     78     80     91     99 
Elapsed time =       0.00 seconds
